m_alpha(slip_direction)
    0.5000,   -0.8660,         0
    0.5000,    0.8660,         0
   -1.0000,         0,         0
    1.0000,         0,         0
    0.5000,    0.8660,         0
   -0.5000,    0.8660,         0
         0,    0.7352,    0.6779
         0,   -0.7352,    0.6779
    0.6367,    0.3676,    0.6779
   -0.6367,   -0.3676,    0.6779
   -0.6367,    0.3676,    0.6779
    0.6367,   -0.3676,    0.6779
    0.2666,    0.4617,    0.8460
   -0.2666,    0.4617,    0.8460
   -0.5331,         0,    0.8460
   -0.2666,   -0.4617,    0.8460
    0.2666,   -0.4617,    0.8460
    0.5331,         0,    0.8460
   -0.2666,    0.4617,    0.8460
   -0.5331,         0,    0.8460
   -0.2666,   -0.4617,    0.8460
    0.2666,   -0.4617,    0.8460
    0.5331,         0,    0.8460
    0.2666,    0.4617,    0.8460
    1.0000,         0,         0
    0.5000,    0.8660,         0
   -0.5000,    0.8660,         0
   -1.0000,         0,         0
   -0.5000,   -0.8660,         0
    0.5000,   -0.8660,         0
n_alpha(slip_plane_normal)
         0,         0,    1.0000
         0,         0,    1.0000
         0,         0,    1.0000
         0,    1.0000,         0
   -0.8660,    0.5000,         0
   -0.8660,   -0.5000,         0
         0,   -0.6779,    0.7352
         0,    0.6779,    0.7352
   -0.5870,   -0.3389,    0.7352
    0.5870,    0.3389,    0.7352
    0.5870,   -0.3389,    0.7352
   -0.5870,    0.3389,    0.7352
         0,   -0.8778,    0.4790
    0.7602,   -0.4389,    0.4790
    0.7602,    0.4389,    0.4790
         0,    0.8778,    0.4790
   -0.7602,    0.4389,    0.4790
   -0.7602,   -0.4389,    0.4790
         0,   -0.8778,    0.4790
    0.7602,   -0.4389,    0.4790
    0.7602,    0.4389,    0.4790
         0,    0.8778,    0.4790
   -0.7602,    0.4389,    0.4790
   -0.7602,   -0.4389,    0.4790
         0,   -0.8778,    0.4790
    0.7602,   -0.4389,    0.4790
    0.7602,    0.4389,    0.4790
         0,    0.8778,    0.4790
   -0.7602,    0.4389,    0.4790
   -0.7602,   -0.4389,    0.4790
Dmat(elasticity_tensor)
      175000,       88700,       62300,           0,           0,           0
       88700,      175000,       62300,           0,           0,           0
       62300,       62300,      220000,           0,           0,           0
           0,           0,           0,       62200,           0,           0
           0,           0,           0,           0,       62200,           0
           0,           0,           0,           0,           0,       43150
s_alpha_t(slip_resistance)
215.51,215.51,215.51,250.0,250.0,250.0,500.0,500.0,500.0,500.0,500.0,500.0,400.0,400.0,400.0,400.0,400.0,400.0,400.0,400.0,400.0,400.0,400.0,400.0,400.0,400.0,400.0,400.0,400.0,400.0
F_tau(deformation_gradient_@_tau=t_0+dt) 
    0.9995,         0,         0,
         0,    0.9995,         0,
   -0.0004,    0.0004,    1.0005,
FP_t(plastic deformation gradient @ t_0)
     1,     0,     0,
     0,     1,     0,
     0,     0,     1,
FE_t(elastic deformation gradient @ t_0)
    1.0001,         0,         0
         0,    1.0000,         0
         0,         0,    1.0000
rot(rodrigues vector for the element)
0.1300   -0.5001         0
rotnew(rodrigues vector for the quad. point)
0.1300   -0.5001         0
dt(time step)
0.1000
nsd (spatial dimension)
3
