   0.000000e+00    0.000000e+00    0.000000e+00
   -1.896413e-21   -4.031877e-21    2.699968e-01
   -3.701375e-01   -3.700839e-01   -1.558641e-05
    5.001297e-01    1.300757e-01    1.857743e-05
   -5.001297e-01   -1.300757e-01    1.857743e-05
    3.701375e-01    3.700839e-01   -1.558641e-05
   -1.300036e-01   -5.001389e-01    1.429366e-05
    1.300036e-01    5.001389e-01    1.429366e-05
   -5.001378e-01    1.300788e-01   -1.694003e-05
    5.001378e-01   -1.300788e-01   -1.694003e-05
   -1.300018e-01    5.001460e-01   -1.443108e-05
    1.300018e-01   -5.001460e-01   -1.443108e-05
   -3.701321e-01    3.700816e-01    1.720037e-05
    3.701321e-01   -3.700816e-01    1.720037e-05
   -3.701015e-01   -3.701235e-01   -2.699962e-01
    5.001515e-01    1.300807e-01    2.700190e-01
    3.701851e-01    3.701610e-01    2.699890e-01
   -1.300563e-01   -5.002343e-01   -2.700045e-01
   -5.002064e-01    1.300768e-01    2.699877e-01
    5.002121e-01    1.300598e-01   -2.700030e-01
    1.300488e-01   -5.001438e-01   -2.699958e-01
    1.300159e-01    5.001571e-01    2.700110e-01
   -3.701244e-01    3.700922e-01    2.700115e-01
    5.001510e-01   -1.300447e-01   -2.700045e-01
    3.701758e-01   -3.701696e-01   -2.700038e-01
   -1.300421e-01    5.002362e-01    2.699888e-01
    8.699811e-01    4.999891e-01   -8.883800e-08
    4.999945e-01    8.699907e-01    3.301916e-08
    9.999885e-01   -2.453484e-19   -2.375133e-19
   -3.867979e-20    9.999786e-01   -5.915681e-20
    8.699811e-01   -4.999891e-01    8.883800e-08
    4.999945e-01   -8.699907e-01   -3.301916e-08
    8.699066e-01    4.999422e-01    2.699908e-01
    1.000000e+00    2.700000e-01    0.000000e+00
    7.300000e-01    7.300000e-01    0.000000e+00
    9.999192e-01    1.098561e-05    2.699957e-01
    2.700000e-01    1.000000e+00    0.000000e+00
    4.999445e-01    8.699359e-01    2.699969e-01
    9.999197e-01   -1.211861e-05   -2.699961e-01
    1.000000e+00   -2.700000e-01    0.000000e+00
    2.700000e-01   -1.000000e+00    0.000000e+00
    4.999440e-01   -8.699364e-01   -2.699971e-01
    7.300000e-01   -7.300000e-01    0.000000e+00
    8.699065e-01   -4.999421e-01   -2.699907e-01
    9.999789e-01    2.699908e-01    2.699972e-01
    7.299727e-01    7.299778e-01    2.699991e-01
    9.999677e-01    2.699875e-01   -2.699992e-01
    2.699970e-01    9.999788e-01    2.699978e-01
    9.999789e-01   -2.699908e-01   -2.699972e-01
    7.299727e-01   -7.299778e-01   -2.699991e-01
   -9.999677e-01   -2.699875e-01   -2.699992e-01
   -1.000000e+00   -2.700000e-01    0.000000e+00
   -9.999789e-01   -2.699908e-01    2.699972e-01
   -9.999197e-01    1.211861e-05   -2.699961e-01
   -9.999885e-01    2.453484e-19   -2.375133e-19
   -9.999192e-01   -1.098561e-05    2.699957e-01
   -9.999789e-01    2.699908e-01   -2.699972e-01
   -1.000000e+00    2.700000e-01    0.000000e+00
   -9.999677e-01    2.699875e-01    2.699992e-01
   -8.699107e-01   -4.999517e-01   -2.699919e-01
   -8.699811e-01   -4.999891e-01   -8.883800e-08
   -8.699066e-01   -4.999422e-01    2.699908e-01
   -8.699065e-01    4.999421e-01   -2.699907e-01
   -8.699811e-01    4.999891e-01    8.883800e-08
   -8.699108e-01    4.999517e-01    2.699920e-01
   -7.299848e-01   -7.299880e-01   -2.699979e-01
   -7.300000e-01   -7.300000e-01    0.000000e+00
   -7.299727e-01   -7.299778e-01    2.699991e-01
   -7.299727e-01    7.299778e-01   -2.699991e-01
   -7.300000e-01    7.300000e-01    0.000000e+00
   -7.299848e-01    7.299880e-01    2.699979e-01
   -4.999718e-01   -8.699220e-01   -2.699967e-01
   -4.999945e-01   -8.699907e-01    3.301916e-08
   -4.999445e-01   -8.699359e-01    2.699969e-01
   -5.002121e-01   -1.300598e-01   -2.700030e-01
   -5.001515e-01   -1.300807e-01    2.700190e-01
   -5.001510e-01    1.300447e-01   -2.700045e-01
   -4.999440e-01    8.699364e-01   -2.699971e-01
   -4.999945e-01    8.699907e-01   -3.301916e-08
   -4.999702e-01    8.699217e-01    2.699963e-01
   -3.701851e-01   -3.701610e-01    2.699890e-01
   -3.701758e-01    3.701696e-01   -2.700038e-01
   -2.699943e-01   -9.999649e-01   -2.699989e-01
   -2.700000e-01   -1.000000e+00    0.000000e+00
   -2.699970e-01   -9.999788e-01    2.699978e-01
   -2.699970e-01    9.999788e-01   -2.699978e-01
   -2.700000e-01    1.000000e+00    0.000000e+00
   -2.699943e-01    9.999649e-01    2.699989e-01
   -1.300159e-01   -5.001571e-01    2.700110e-01
   -1.300488e-01    5.001438e-01   -2.699958e-01
    3.348375e-06   -9.998959e-01   -2.699915e-01
    3.867979e-20   -9.999786e-01   -5.915681e-20
   -3.329789e-06   -9.998960e-01    2.699915e-01
    1.458779e-21   -4.654917e-21   -2.699986e-01
   -3.348375e-06    9.998959e-01   -2.699915e-01
    3.329789e-06    9.998960e-01    2.699915e-01
    1.300421e-01   -5.002362e-01    2.699888e-01
    1.300563e-01    5.002343e-01   -2.700045e-01
    2.699970e-01   -9.999788e-01   -2.699978e-01
    2.699943e-01   -9.999649e-01    2.699989e-01
    2.699943e-01    9.999649e-01   -2.699989e-01
    3.701244e-01   -3.700922e-01    2.700115e-01
    3.701015e-01    3.701235e-01   -2.699962e-01
    4.999702e-01   -8.699217e-01    2.699963e-01
    5.002064e-01   -1.300768e-01    2.699877e-01
    4.999718e-01    8.699220e-01   -2.699967e-01
    7.299848e-01   -7.299880e-01    2.699979e-01
    7.299848e-01    7.299880e-01   -2.699979e-01
    8.699108e-01   -4.999517e-01    2.699920e-01
    8.699107e-01    4.999517e-01   -2.699919e-01
    9.999677e-01   -2.699875e-01    2.699992e-01
       0.000000e+00    0.000000e+00    0.000000e+00
       -1.896413e-21   -4.031877e-21    2.699968e-01
       -3.701375e-01   -3.700839e-01   -1.558641e-05
        5.001297e-01    1.300757e-01    1.857743e-05
       -5.001297e-01   -1.300757e-01    1.857743e-05
        3.701375e-01    3.700839e-01   -1.558641e-05
       -1.300036e-01   -5.001389e-01    1.429366e-05
        1.300036e-01    5.001389e-01    1.429366e-05
       -5.001378e-01    1.300788e-01   -1.694003e-05
        5.001378e-01   -1.300788e-01   -1.694003e-05
       -1.300018e-01    5.001460e-01   -1.443108e-05
        1.300018e-01   -5.001460e-01   -1.443108e-05
       -3.701321e-01    3.700816e-01    1.720037e-05
        3.701321e-01   -3.700816e-01    1.720037e-05
       -3.701015e-01   -3.701235e-01   -2.699962e-01
        5.001515e-01    1.300807e-01    2.700190e-01
        3.701851e-01    3.701610e-01    2.699890e-01
       -1.300563e-01   -5.002343e-01   -2.700045e-01
       -5.002064e-01    1.300768e-01    2.699877e-01
        5.002121e-01    1.300598e-01   -2.700030e-01
        1.300488e-01   -5.001438e-01   -2.699958e-01
        1.300159e-01    5.001571e-01    2.700110e-01
       -3.701244e-01    3.700922e-01    2.700115e-01
        5.001510e-01   -1.300447e-01   -2.700045e-01
        3.701758e-01   -3.701696e-01   -2.700038e-01
       -1.300421e-01    5.002362e-01    2.699888e-01
        8.699811e-01    4.999891e-01   -8.883800e-08
        4.999945e-01    8.699907e-01    3.301916e-08
        9.999885e-01   -2.453484e-19   -2.375133e-19
       -3.867979e-20    9.999786e-01   -5.915681e-20
        8.699811e-01   -4.999891e-01    8.883800e-08
        4.999945e-01   -8.699907e-01   -3.301916e-08
        8.699066e-01    4.999422e-01    2.699908e-01
        1.000000e+00    2.700000e-01    0.000000e+00
        7.300000e-01    7.300000e-01    0.000000e+00
        9.999192e-01    1.098561e-05    2.699957e-01
        2.700000e-01    1.000000e+00    0.000000e+00
        4.999445e-01    8.699359e-01    2.699969e-01
        9.999197e-01   -1.211861e-05   -2.699961e-01
        1.000000e+00   -2.700000e-01    0.000000e+00
        2.700000e-01   -1.000000e+00    0.000000e+00
        4.999440e-01   -8.699364e-01   -2.699971e-01
        7.300000e-01   -7.300000e-01    0.000000e+00
        8.699065e-01   -4.999421e-01   -2.699907e-01
        9.999789e-01    2.699908e-01    2.699972e-01
        7.299727e-01    7.299778e-01    2.699991e-01
        9.999677e-01    2.699875e-01   -2.699992e-01
        2.699970e-01    9.999788e-01    2.699978e-01
        9.999789e-01   -2.699908e-01   -2.699972e-01
        7.299727e-01   -7.299778e-01   -2.699991e-01
       -9.999677e-01   -2.699875e-01   -2.699992e-01
       -1.000000e+00   -2.700000e-01    0.000000e+00
       -9.999789e-01   -2.699908e-01    2.699972e-01
       -9.999197e-01    1.211861e-05   -2.699961e-01
       -9.999885e-01    2.453484e-19   -2.375133e-19
       -9.999192e-01   -1.098561e-05    2.699957e-01
       -9.999789e-01    2.699908e-01   -2.699972e-01
       -1.000000e+00    2.700000e-01    0.000000e+00
       -9.999677e-01    2.699875e-01    2.699992e-01
       -8.699107e-01   -4.999517e-01   -2.699919e-01
       -8.699811e-01   -4.999891e-01   -8.883800e-08
       -8.699066e-01   -4.999422e-01    2.699908e-01
       -8.699065e-01    4.999421e-01   -2.699907e-01
       -8.699811e-01    4.999891e-01    8.883800e-08
       -8.699108e-01    4.999517e-01    2.699920e-01
       -7.299848e-01   -7.299880e-01   -2.699979e-01
       -7.300000e-01   -7.300000e-01    0.000000e+00
       -7.299727e-01   -7.299778e-01    2.699991e-01
       -7.299727e-01    7.299778e-01   -2.699991e-01
       -7.300000e-01    7.300000e-01    0.000000e+00
       -7.299848e-01    7.299880e-01    2.699979e-01
       -4.999718e-01   -8.699220e-01   -2.699967e-01
       -4.999945e-01   -8.699907e-01    3.301916e-08
       -4.999445e-01   -8.699359e-01    2.699969e-01
       -5.002121e-01   -1.300598e-01   -2.700030e-01
       -5.001515e-01   -1.300807e-01    2.700190e-01
       -5.001510e-01    1.300447e-01   -2.700045e-01
       -4.999440e-01    8.699364e-01   -2.699971e-01
       -4.999945e-01    8.699907e-01   -3.301916e-08
       -4.999702e-01    8.699217e-01    2.699963e-01
       -3.701851e-01   -3.701610e-01    2.699890e-01
       -3.701758e-01    3.701696e-01   -2.700038e-01
       -2.699943e-01   -9.999649e-01   -2.699989e-01
       -2.700000e-01   -1.000000e+00    0.000000e+00
       -2.699970e-01   -9.999788e-01    2.699978e-01
       -2.699970e-01    9.999788e-01   -2.699978e-01
       -2.700000e-01    1.000000e+00    0.000000e+00
       -2.699943e-01    9.999649e-01    2.699989e-01
       -1.300159e-01   -5.001571e-01    2.700110e-01
       -1.300488e-01    5.001438e-01   -2.699958e-01
        3.348375e-06   -9.998959e-01   -2.699915e-01
        3.867979e-20   -9.999786e-01   -5.915681e-20
       -3.329789e-06   -9.998960e-01    2.699915e-01
        1.458779e-21   -4.654917e-21   -2.699986e-01
       -3.348375e-06    9.998959e-01   -2.699915e-01
        3.329789e-06    9.998960e-01    2.699915e-01
        1.300421e-01   -5.002362e-01    2.699888e-01
        1.300563e-01    5.002343e-01   -2.700045e-01
        2.699970e-01   -9.999788e-01   -2.699978e-01
        2.699943e-01   -9.999649e-01    2.699989e-01
        2.699943e-01    9.999649e-01   -2.699989e-01
        3.701244e-01   -3.700922e-01    2.700115e-01
        3.701015e-01    3.701235e-01   -2.699962e-01
        4.999702e-01   -8.699217e-01    2.699963e-01
        5.002064e-01   -1.300768e-01    2.699877e-01
        4.999718e-01    8.699220e-01   -2.699967e-01
        7.299848e-01   -7.299880e-01    2.699979e-01
        7.299848e-01    7.299880e-01   -2.699979e-01
        8.699108e-01   -4.999517e-01    2.699920e-01
        8.699107e-01    4.999517e-01   -2.699919e-01
        9.999677e-01   -2.699875e-01    2.699992e-01
           0.000000e+00    0.000000e+00    0.000000e+00
	   -1.896413e-21   -4.031877e-21    2.699968e-01
	   -3.701375e-01   -3.700839e-01   -1.558641e-05
	    5.001297e-01    1.300757e-01    1.857743e-05
	   -5.001297e-01   -1.300757e-01    1.857743e-05
	    3.701375e-01    3.700839e-01   -1.558641e-05
	   -1.300036e-01   -5.001389e-01    1.429366e-05
	    1.300036e-01    5.001389e-01    1.429366e-05
	   -5.001378e-01    1.300788e-01   -1.694003e-05
	    5.001378e-01   -1.300788e-01   -1.694003e-05
	   -1.300018e-01    5.001460e-01   -1.443108e-05
	    1.300018e-01   -5.001460e-01   -1.443108e-05
	   -3.701321e-01    3.700816e-01    1.720037e-05
	    3.701321e-01   -3.700816e-01    1.720037e-05
	   -3.701015e-01   -3.701235e-01   -2.699962e-01
	    5.001515e-01    1.300807e-01    2.700190e-01
	    3.701851e-01    3.701610e-01    2.699890e-01
	   -1.300563e-01   -5.002343e-01   -2.700045e-01
	   -5.002064e-01    1.300768e-01    2.699877e-01
	    5.002121e-01    1.300598e-01   -2.700030e-01
	    1.300488e-01   -5.001438e-01   -2.699958e-01
	    1.300159e-01    5.001571e-01    2.700110e-01
	   -3.701244e-01    3.700922e-01    2.700115e-01
	    5.001510e-01   -1.300447e-01   -2.700045e-01
	    3.701758e-01   -3.701696e-01   -2.700038e-01
	   -1.300421e-01    5.002362e-01    2.699888e-01
	    8.699811e-01    4.999891e-01   -8.883800e-08
	    4.999945e-01    8.699907e-01    3.301916e-08
	    9.999885e-01   -2.453484e-19   -2.375133e-19
	   -3.867979e-20    9.999786e-01   -5.915681e-20
	    8.699811e-01   -4.999891e-01    8.883800e-08
	    4.999945e-01   -8.699907e-01   -3.301916e-08
	    8.699066e-01    4.999422e-01    2.699908e-01
	    1.000000e+00    2.700000e-01    0.000000e+00
	    7.300000e-01    7.300000e-01    0.000000e+00
	    9.999192e-01    1.098561e-05    2.699957e-01
	    2.700000e-01    1.000000e+00    0.000000e+00
	    4.999445e-01    8.699359e-01    2.699969e-01
	    9.999197e-01   -1.211861e-05   -2.699961e-01
	    1.000000e+00   -2.700000e-01    0.000000e+00
	    2.700000e-01   -1.000000e+00    0.000000e+00
	    4.999440e-01   -8.699364e-01   -2.699971e-01
	    7.300000e-01   -7.300000e-01    0.000000e+00
	    8.699065e-01   -4.999421e-01   -2.699907e-01
	    9.999789e-01    2.699908e-01    2.699972e-01
	    7.299727e-01    7.299778e-01    2.699991e-01
	    9.999677e-01    2.699875e-01   -2.699992e-01
	    2.699970e-01    9.999788e-01    2.699978e-01
	    9.999789e-01   -2.699908e-01   -2.699972e-01
	    7.299727e-01   -7.299778e-01   -2.699991e-01
	   -9.999677e-01   -2.699875e-01   -2.699992e-01
	   -1.000000e+00   -2.700000e-01    0.000000e+00
	   -9.999789e-01   -2.699908e-01    2.699972e-01
	   -9.999197e-01    1.211861e-05   -2.699961e-01
	   -9.999885e-01    2.453484e-19   -2.375133e-19
	   -9.999192e-01   -1.098561e-05    2.699957e-01
	   -9.999789e-01    2.699908e-01   -2.699972e-01
	   -1.000000e+00    2.700000e-01    0.000000e+00
	   -9.999677e-01    2.699875e-01    2.699992e-01
	   -8.699107e-01   -4.999517e-01   -2.699919e-01
	   -8.699811e-01   -4.999891e-01   -8.883800e-08
	   -8.699066e-01   -4.999422e-01    2.699908e-01
	   -8.699065e-01    4.999421e-01   -2.699907e-01
	   -8.699811e-01    4.999891e-01    8.883800e-08
	   -8.699108e-01    4.999517e-01    2.699920e-01
	   -7.299848e-01   -7.299880e-01   -2.699979e-01
	   -7.300000e-01   -7.300000e-01    0.000000e+00
	   -7.299727e-01   -7.299778e-01    2.699991e-01
	   -7.299727e-01    7.299778e-01   -2.699991e-01
	   -7.300000e-01    7.300000e-01    0.000000e+00
	   -7.299848e-01    7.299880e-01    2.699979e-01
	   -4.999718e-01   -8.699220e-01   -2.699967e-01
	   -4.999945e-01   -8.699907e-01    3.301916e-08
	   -4.999445e-01   -8.699359e-01    2.699969e-01
	   -5.002121e-01   -1.300598e-01   -2.700030e-01
	   -5.001515e-01   -1.300807e-01    2.700190e-01
	   -5.001510e-01    1.300447e-01   -2.700045e-01
	   -4.999440e-01    8.699364e-01   -2.699971e-01
	   -4.999945e-01    8.699907e-01   -3.301916e-08
	   -4.999702e-01    8.699217e-01    2.699963e-01
	   -3.701851e-01   -3.701610e-01    2.699890e-01
	   -3.701758e-01    3.701696e-01   -2.700038e-01
	   -2.699943e-01   -9.999649e-01   -2.699989e-01
	   -2.700000e-01   -1.000000e+00    0.000000e+00
	   -2.699970e-01   -9.999788e-01    2.699978e-01
	   -2.699970e-01    9.999788e-01   -2.699978e-01
	   -2.700000e-01    1.000000e+00    0.000000e+00
	   -2.699943e-01    9.999649e-01    2.699989e-01
	   -1.300159e-01   -5.001571e-01    2.700110e-01
	   -1.300488e-01    5.001438e-01   -2.699958e-01
	    3.348375e-06   -9.998959e-01   -2.699915e-01
	    3.867979e-20   -9.999786e-01   -5.915681e-20
	   -3.329789e-06   -9.998960e-01    2.699915e-01
	    1.458779e-21   -4.654917e-21   -2.699986e-01
	   -3.348375e-06    9.998959e-01   -2.699915e-01
	    3.329789e-06    9.998960e-01    2.699915e-01
	    1.300421e-01   -5.002362e-01    2.699888e-01
	    1.300563e-01    5.002343e-01   -2.700045e-01
	    2.699970e-01   -9.999788e-01   -2.699978e-01
	    2.699943e-01   -9.999649e-01    2.699989e-01
	    2.699943e-01    9.999649e-01   -2.699989e-01
	    3.701244e-01   -3.700922e-01    2.700115e-01
	    3.701015e-01    3.701235e-01   -2.699962e-01
	    4.999702e-01   -8.699217e-01    2.699963e-01
	    5.002064e-01   -1.300768e-01    2.699877e-01
	    4.999718e-01    8.699220e-01   -2.699967e-01
	    7.299848e-01   -7.299880e-01    2.699979e-01
	    7.299848e-01    7.299880e-01   -2.699979e-01
	    8.699108e-01   -4.999517e-01    2.699920e-01
	    8.699107e-01    4.999517e-01   -2.699919e-01
	    9.999677e-01   -2.699875e-01    2.699992e-01
	       0.000000e+00    0.000000e+00    0.000000e+00
	       -1.896413e-21   -4.031877e-21    2.699968e-01
	       -3.701375e-01   -3.700839e-01   -1.558641e-05
	        5.001297e-01    1.300757e-01    1.857743e-05
	       -5.001297e-01   -1.300757e-01    1.857743e-05
	        3.701375e-01    3.700839e-01   -1.558641e-05
	       -1.300036e-01   -5.001389e-01    1.429366e-05
	        1.300036e-01    5.001389e-01    1.429366e-05
	       -5.001378e-01    1.300788e-01   -1.694003e-05
	        5.001378e-01   -1.300788e-01   -1.694003e-05
	       -1.300018e-01    5.001460e-01   -1.443108e-05
	        1.300018e-01   -5.001460e-01   -1.443108e-05
	       -3.701321e-01    3.700816e-01    1.720037e-05
	        3.701321e-01   -3.700816e-01    1.720037e-05
	       -3.701015e-01   -3.701235e-01   -2.699962e-01
	        5.001515e-01    1.300807e-01    2.700190e-01
	        3.701851e-01    3.701610e-01    2.699890e-01
	       -1.300563e-01   -5.002343e-01   -2.700045e-01
	       -5.002064e-01    1.300768e-01    2.699877e-01
	        5.002121e-01    1.300598e-01   -2.700030e-01
	        1.300488e-01   -5.001438e-01   -2.699958e-01
	        1.300159e-01    5.001571e-01    2.700110e-01
	       -3.701244e-01    3.700922e-01    2.700115e-01
	        5.001510e-01   -1.300447e-01   -2.700045e-01
	        3.701758e-01   -3.701696e-01   -2.700038e-01
	       -1.300421e-01    5.002362e-01    2.699888e-01
	        8.699811e-01    4.999891e-01   -8.883800e-08
	        4.999945e-01    8.699907e-01    3.301916e-08
	        9.999885e-01   -2.453484e-19   -2.375133e-19
	       -3.867979e-20    9.999786e-01   -5.915681e-20
	        8.699811e-01   -4.999891e-01    8.883800e-08
	        4.999945e-01   -8.699907e-01   -3.301916e-08
	        8.699066e-01    4.999422e-01    2.699908e-01
	        1.000000e+00    2.700000e-01    0.000000e+00
	        7.300000e-01    7.300000e-01    0.000000e+00
	        9.999192e-01    1.098561e-05    2.699957e-01
	        2.700000e-01    1.000000e+00    0.000000e+00
	        4.999445e-01    8.699359e-01    2.699969e-01
	        9.999197e-01   -1.211861e-05   -2.699961e-01
	        1.000000e+00   -2.700000e-01    0.000000e+00
	        2.700000e-01   -1.000000e+00    0.000000e+00
	        4.999440e-01   -8.699364e-01   -2.699971e-01
	        7.300000e-01   -7.300000e-01    0.000000e+00
	        8.699065e-01   -4.999421e-01   -2.699907e-01
	        9.999789e-01    2.699908e-01    2.699972e-01
	        7.299727e-01    7.299778e-01    2.699991e-01
	        9.999677e-01    2.699875e-01   -2.699992e-01
	        2.699970e-01    9.999788e-01    2.699978e-01
	        9.999789e-01   -2.699908e-01   -2.699972e-01
	        7.299727e-01   -7.299778e-01   -2.699991e-01
	       -9.999677e-01   -2.699875e-01   -2.699992e-01
	       -1.000000e+00   -2.700000e-01    0.000000e+00
	       -9.999789e-01   -2.699908e-01    2.699972e-01
	       -9.999197e-01    1.211861e-05   -2.699961e-01
	       -9.999885e-01    2.453484e-19   -2.375133e-19
	       -9.999192e-01   -1.098561e-05    2.699957e-01
	       -9.999789e-01    2.699908e-01   -2.699972e-01
	       -1.000000e+00    2.700000e-01    0.000000e+00
	       -9.999677e-01    2.699875e-01    2.699992e-01
	       -8.699107e-01   -4.999517e-01   -2.699919e-01
	       -8.699811e-01   -4.999891e-01   -8.883800e-08
	       -8.699066e-01   -4.999422e-01    2.699908e-01
	       -8.699065e-01    4.999421e-01   -2.699907e-01
	       -8.699811e-01    4.999891e-01    8.883800e-08
	       -8.699108e-01    4.999517e-01    2.699920e-01
	       -7.299848e-01   -7.299880e-01   -2.699979e-01
	       -7.300000e-01   -7.300000e-01    0.000000e+00
	       -7.299727e-01   -7.299778e-01    2.699991e-01
	       -7.299727e-01    7.299778e-01   -2.699991e-01
	       -7.300000e-01    7.300000e-01    0.000000e+00
	       -7.299848e-01    7.299880e-01    2.699979e-01
	       -4.999718e-01   -8.699220e-01   -2.699967e-01
	       -4.999945e-01   -8.699907e-01    3.301916e-08
	       -4.999445e-01   -8.699359e-01    2.699969e-01
	       -5.002121e-01   -1.300598e-01   -2.700030e-01
	       -5.001515e-01   -1.300807e-01    2.700190e-01
	       -5.001510e-01    1.300447e-01   -2.700045e-01
	       -4.999440e-01    8.699364e-01   -2.699971e-01
	       -4.999945e-01    8.699907e-01   -3.301916e-08
	       -4.999702e-01    8.699217e-01    2.699963e-01
	       -3.701851e-01   -3.701610e-01    2.699890e-01
	       -3.701758e-01    3.701696e-01   -2.700038e-01
	       -2.699943e-01   -9.999649e-01   -2.699989e-01
	       -2.700000e-01   -1.000000e+00    0.000000e+00
	       -2.699970e-01   -9.999788e-01    2.699978e-01
	       -2.699970e-01    9.999788e-01   -2.699978e-01
	       -2.700000e-01    1.000000e+00    0.000000e+00
	       -2.699943e-01    9.999649e-01    2.699989e-01
	       -1.300159e-01   -5.001571e-01    2.700110e-01
	       -1.300488e-01    5.001438e-01   -2.699958e-01
	        3.348375e-06   -9.998959e-01   -2.699915e-01
	        3.867979e-20   -9.999786e-01   -5.915681e-20
	       -3.329789e-06   -9.998960e-01    2.699915e-01
	        1.458779e-21   -4.654917e-21   -2.699986e-01
	       -3.348375e-06    9.998959e-01   -2.699915e-01
	        3.329789e-06    9.998960e-01    2.699915e-01
	        1.300421e-01   -5.002362e-01    2.699888e-01
	        1.300563e-01    5.002343e-01   -2.700045e-01
	        2.699970e-01   -9.999788e-01   -2.699978e-01
	        2.699943e-01   -9.999649e-01    2.699989e-01
	        2.699943e-01    9.999649e-01   -2.699989e-01
	        3.701244e-01   -3.700922e-01    2.700115e-01
	        3.701015e-01    3.701235e-01   -2.699962e-01
	        4.999702e-01   -8.699217e-01    2.699963e-01
	        5.002064e-01   -1.300768e-01    2.699877e-01
	        4.999718e-01    8.699220e-01   -2.699967e-01
	        7.299848e-01   -7.299880e-01    2.699979e-01
	        7.299848e-01    7.299880e-01   -2.699979e-01
	        8.699108e-01   -4.999517e-01    2.699920e-01
	        8.699107e-01    4.999517e-01   -2.699919e-01
        9.999677e-01   -2.699875e-01    2.699992e-01
           0.000000e+00    0.000000e+00    0.000000e+00
	   -1.896413e-21   -4.031877e-21    2.699968e-01
	   -3.701375e-01   -3.700839e-01   -1.558641e-05
	    5.001297e-01    1.300757e-01    1.857743e-05
	   -5.001297e-01   -1.300757e-01    1.857743e-05
	    3.701375e-01    3.700839e-01   -1.558641e-05
	   -1.300036e-01   -5.001389e-01    1.429366e-05
	    1.300036e-01    5.001389e-01    1.429366e-05
	   -5.001378e-01    1.300788e-01   -1.694003e-05
	    5.001378e-01   -1.300788e-01   -1.694003e-05
	   -1.300018e-01    5.001460e-01   -1.443108e-05
	    1.300018e-01   -5.001460e-01   -1.443108e-05
	   -3.701321e-01    3.700816e-01    1.720037e-05
	    3.701321e-01   -3.700816e-01    1.720037e-05
	   -3.701015e-01   -3.701235e-01   -2.699962e-01
	    5.001515e-01    1.300807e-01    2.700190e-01
	    3.701851e-01    3.701610e-01    2.699890e-01
	   -1.300563e-01   -5.002343e-01   -2.700045e-01
	   -5.002064e-01    1.300768e-01    2.699877e-01
	    5.002121e-01    1.300598e-01   -2.700030e-01
	    1.300488e-01   -5.001438e-01   -2.699958e-01
	    1.300159e-01    5.001571e-01    2.700110e-01
	   -3.701244e-01    3.700922e-01    2.700115e-01
	    5.001510e-01   -1.300447e-01   -2.700045e-01
	    3.701758e-01   -3.701696e-01   -2.700038e-01
	   -1.300421e-01    5.002362e-01    2.699888e-01
	    8.699811e-01    4.999891e-01   -8.883800e-08
	    4.999945e-01    8.699907e-01    3.301916e-08
	    9.999885e-01   -2.453484e-19   -2.375133e-19
	   -3.867979e-20    9.999786e-01   -5.915681e-20
	    8.699811e-01   -4.999891e-01    8.883800e-08
	    4.999945e-01   -8.699907e-01   -3.301916e-08
	    8.699066e-01    4.999422e-01    2.699908e-01
	    1.000000e+00    2.700000e-01    0.000000e+00
	    7.300000e-01    7.300000e-01    0.000000e+00
	    9.999192e-01    1.098561e-05    2.699957e-01
	    2.700000e-01    1.000000e+00    0.000000e+00
	    4.999445e-01    8.699359e-01    2.699969e-01
	    9.999197e-01   -1.211861e-05   -2.699961e-01
	    1.000000e+00   -2.700000e-01    0.000000e+00
	    2.700000e-01   -1.000000e+00    0.000000e+00
	    4.999440e-01   -8.699364e-01   -2.699971e-01
	    7.300000e-01   -7.300000e-01    0.000000e+00
	    8.699065e-01   -4.999421e-01   -2.699907e-01
	    9.999789e-01    2.699908e-01    2.699972e-01
	    7.299727e-01    7.299778e-01    2.699991e-01
	    9.999677e-01    2.699875e-01   -2.699992e-01
	    2.699970e-01    9.999788e-01    2.699978e-01
	    9.999789e-01   -2.699908e-01   -2.699972e-01
	    7.299727e-01   -7.299778e-01   -2.699991e-01
	   -9.999677e-01   -2.699875e-01   -2.699992e-01
	   -1.000000e+00   -2.700000e-01    0.000000e+00
	   -9.999789e-01   -2.699908e-01    2.699972e-01
	   -9.999197e-01    1.211861e-05   -2.699961e-01
	   -9.999885e-01    2.453484e-19   -2.375133e-19
	   -9.999192e-01   -1.098561e-05    2.699957e-01
	   -9.999789e-01    2.699908e-01   -2.699972e-01
	   -1.000000e+00    2.700000e-01    0.000000e+00
	   -9.999677e-01    2.699875e-01    2.699992e-01
	   -8.699107e-01   -4.999517e-01   -2.699919e-01
	   -8.699811e-01   -4.999891e-01   -8.883800e-08
	   -8.699066e-01   -4.999422e-01    2.699908e-01
	   -8.699065e-01    4.999421e-01   -2.699907e-01
	   -8.699811e-01    4.999891e-01    8.883800e-08
	   -8.699108e-01    4.999517e-01    2.699920e-01
	   -7.299848e-01   -7.299880e-01   -2.699979e-01
	   -7.300000e-01   -7.300000e-01    0.000000e+00
	   -7.299727e-01   -7.299778e-01    2.699991e-01
	   -7.299727e-01    7.299778e-01   -2.699991e-01
	   -7.300000e-01    7.300000e-01    0.000000e+00
	   -7.299848e-01    7.299880e-01    2.699979e-01
	   -4.999718e-01   -8.699220e-01   -2.699967e-01
	   -4.999945e-01   -8.699907e-01    3.301916e-08
	   -4.999445e-01   -8.699359e-01    2.699969e-01
	   -5.002121e-01   -1.300598e-01   -2.700030e-01
	   -5.001515e-01   -1.300807e-01    2.700190e-01
	   -5.001510e-01    1.300447e-01   -2.700045e-01
	   -4.999440e-01    8.699364e-01   -2.699971e-01
	   -4.999945e-01    8.699907e-01   -3.301916e-08
	   -4.999702e-01    8.699217e-01    2.699963e-01
	   -3.701851e-01   -3.701610e-01    2.699890e-01
	   -3.701758e-01    3.701696e-01   -2.700038e-01
	   -2.699943e-01   -9.999649e-01   -2.699989e-01
	   -2.700000e-01   -1.000000e+00    0.000000e+00
	   -2.699970e-01   -9.999788e-01    2.699978e-01
	   -2.699970e-01    9.999788e-01   -2.699978e-01
	   -2.700000e-01    1.000000e+00    0.000000e+00
	   -2.699943e-01    9.999649e-01    2.699989e-01
	   -1.300159e-01   -5.001571e-01    2.700110e-01
	   -1.300488e-01    5.001438e-01   -2.699958e-01
	    3.348375e-06   -9.998959e-01   -2.699915e-01
	    3.867979e-20   -9.999786e-01   -5.915681e-20
	   -3.329789e-06   -9.998960e-01    2.699915e-01
	    1.458779e-21   -4.654917e-21   -2.699986e-01
	   -3.348375e-06    9.998959e-01   -2.699915e-01
	    3.329789e-06    9.998960e-01    2.699915e-01
	    1.300421e-01   -5.002362e-01    2.699888e-01
	    1.300563e-01    5.002343e-01   -2.700045e-01
	    2.699970e-01   -9.999788e-01   -2.699978e-01
	    2.699943e-01   -9.999649e-01    2.699989e-01
	    2.699943e-01    9.999649e-01   -2.699989e-01
	    3.701244e-01   -3.700922e-01    2.700115e-01
	    3.701015e-01    3.701235e-01   -2.699962e-01
	    4.999702e-01   -8.699217e-01    2.699963e-01
	    5.002064e-01   -1.300768e-01    2.699877e-01
	    4.999718e-01    8.699220e-01   -2.699967e-01
	    7.299848e-01   -7.299880e-01    2.699979e-01
	    7.299848e-01    7.299880e-01   -2.699979e-01
	    8.699108e-01   -4.999517e-01    2.699920e-01
	    8.699107e-01    4.999517e-01   -2.699919e-01
	    9.999677e-01   -2.699875e-01    2.699992e-01
	       0.000000e+00    0.000000e+00    0.000000e+00
	       -1.896413e-21   -4.031877e-21    2.699968e-01
	       -3.701375e-01   -3.700839e-01   -1.558641e-05
	        5.001297e-01    1.300757e-01    1.857743e-05
	       -5.001297e-01   -1.300757e-01    1.857743e-05
	        3.701375e-01    3.700839e-01   -1.558641e-05
	       -1.300036e-01   -5.001389e-01    1.429366e-05
	        1.300036e-01    5.001389e-01    1.429366e-05
	       -5.001378e-01    1.300788e-01   -1.694003e-05
	        5.001378e-01   -1.300788e-01   -1.694003e-05
	       -1.300018e-01    5.001460e-01   -1.443108e-05
	        1.300018e-01   -5.001460e-01   -1.443108e-05
	       -3.701321e-01    3.700816e-01    1.720037e-05
	        3.701321e-01   -3.700816e-01    1.720037e-05
	       -3.701015e-01   -3.701235e-01   -2.699962e-01
	        5.001515e-01    1.300807e-01    2.700190e-01
	        3.701851e-01    3.701610e-01    2.699890e-01
	       -1.300563e-01   -5.002343e-01   -2.700045e-01
	       -5.002064e-01    1.300768e-01    2.699877e-01
	        5.002121e-01    1.300598e-01   -2.700030e-01
	        1.300488e-01   -5.001438e-01   -2.699958e-01
	        1.300159e-01    5.001571e-01    2.700110e-01
	       -3.701244e-01    3.700922e-01    2.700115e-01
	        5.001510e-01   -1.300447e-01   -2.700045e-01
	        3.701758e-01   -3.701696e-01   -2.700038e-01
	       -1.300421e-01    5.002362e-01    2.699888e-01
	        8.699811e-01    4.999891e-01   -8.883800e-08
	        4.999945e-01    8.699907e-01    3.301916e-08
	        9.999885e-01   -2.453484e-19   -2.375133e-19
	       -3.867979e-20    9.999786e-01   -5.915681e-20
	        8.699811e-01   -4.999891e-01    8.883800e-08
	        4.999945e-01   -8.699907e-01   -3.301916e-08
	        8.699066e-01    4.999422e-01    2.699908e-01
	        1.000000e+00    2.700000e-01    0.000000e+00
	        7.300000e-01    7.300000e-01    0.000000e+00
	        9.999192e-01    1.098561e-05    2.699957e-01
	        2.700000e-01    1.000000e+00    0.000000e+00
	        4.999445e-01    8.699359e-01    2.699969e-01
	        9.999197e-01   -1.211861e-05   -2.699961e-01
	        1.000000e+00   -2.700000e-01    0.000000e+00
	        2.700000e-01   -1.000000e+00    0.000000e+00
	        4.999440e-01   -8.699364e-01   -2.699971e-01
	        7.300000e-01   -7.300000e-01    0.000000e+00
	        8.699065e-01   -4.999421e-01   -2.699907e-01
	        9.999789e-01    2.699908e-01    2.699972e-01
	        7.299727e-01    7.299778e-01    2.699991e-01
	        9.999677e-01    2.699875e-01   -2.699992e-01
	        2.699970e-01    9.999788e-01    2.699978e-01
	        9.999789e-01   -2.699908e-01   -2.699972e-01
	        7.299727e-01   -7.299778e-01   -2.699991e-01
	       -9.999677e-01   -2.699875e-01   -2.699992e-01
	       -1.000000e+00   -2.700000e-01    0.000000e+00
	       -9.999789e-01   -2.699908e-01    2.699972e-01
	       -9.999197e-01    1.211861e-05   -2.699961e-01
	       -9.999885e-01    2.453484e-19   -2.375133e-19
	       -9.999192e-01   -1.098561e-05    2.699957e-01
	       -9.999789e-01    2.699908e-01   -2.699972e-01
	       -1.000000e+00    2.700000e-01    0.000000e+00
	       -9.999677e-01    2.699875e-01    2.699992e-01
	       -8.699107e-01   -4.999517e-01   -2.699919e-01
	       -8.699811e-01   -4.999891e-01   -8.883800e-08
	       -8.699066e-01   -4.999422e-01    2.699908e-01
	       -8.699065e-01    4.999421e-01   -2.699907e-01
	       -8.699811e-01    4.999891e-01    8.883800e-08
	       -8.699108e-01    4.999517e-01    2.699920e-01
	       -7.299848e-01   -7.299880e-01   -2.699979e-01
	       -7.300000e-01   -7.300000e-01    0.000000e+00
	       -7.299727e-01   -7.299778e-01    2.699991e-01
	       -7.299727e-01    7.299778e-01   -2.699991e-01
	       -7.300000e-01    7.300000e-01    0.000000e+00
	       -7.299848e-01    7.299880e-01    2.699979e-01
	       -4.999718e-01   -8.699220e-01   -2.699967e-01
	       -4.999945e-01   -8.699907e-01    3.301916e-08
	       -4.999445e-01   -8.699359e-01    2.699969e-01
	       -5.002121e-01   -1.300598e-01   -2.700030e-01
	       -5.001515e-01   -1.300807e-01    2.700190e-01
	       -5.001510e-01    1.300447e-01   -2.700045e-01
	       -4.999440e-01    8.699364e-01   -2.699971e-01
	       -4.999945e-01    8.699907e-01   -3.301916e-08
	       -4.999702e-01    8.699217e-01    2.699963e-01
	       -3.701851e-01   -3.701610e-01    2.699890e-01
	       -3.701758e-01    3.701696e-01   -2.700038e-01
	       -2.699943e-01   -9.999649e-01   -2.699989e-01
	       -2.700000e-01   -1.000000e+00    0.000000e+00
	       -2.699970e-01   -9.999788e-01    2.699978e-01
	       -2.699970e-01    9.999788e-01   -2.699978e-01
	       -2.700000e-01    1.000000e+00    0.000000e+00
	       -2.699943e-01    9.999649e-01    2.699989e-01
	       -1.300159e-01   -5.001571e-01    2.700110e-01
	       -1.300488e-01    5.001438e-01   -2.699958e-01
	        3.348375e-06   -9.998959e-01   -2.699915e-01
	        3.867979e-20   -9.999786e-01   -5.915681e-20
	       -3.329789e-06   -9.998960e-01    2.699915e-01
	        1.458779e-21   -4.654917e-21   -2.699986e-01
	       -3.348375e-06    9.998959e-01   -2.699915e-01
	        3.329789e-06    9.998960e-01    2.699915e-01
	        1.300421e-01   -5.002362e-01    2.699888e-01
	        1.300563e-01    5.002343e-01   -2.700045e-01
	        2.699970e-01   -9.999788e-01   -2.699978e-01
	        2.699943e-01   -9.999649e-01    2.699989e-01
	        2.699943e-01    9.999649e-01   -2.699989e-01
	        3.701244e-01   -3.700922e-01    2.700115e-01
	        3.701015e-01    3.701235e-01   -2.699962e-01
	        4.999702e-01   -8.699217e-01    2.699963e-01
	        5.002064e-01   -1.300768e-01    2.699877e-01
	        4.999718e-01    8.699220e-01   -2.699967e-01
	        7.299848e-01   -7.299880e-01    2.699979e-01
	        7.299848e-01    7.299880e-01   -2.699979e-01
	        8.699108e-01   -4.999517e-01    2.699920e-01
	        8.699107e-01    4.999517e-01   -2.699919e-01
        9.999677e-01   -2.699875e-01    2.699992e-01
           0.000000e+00    0.000000e+00    0.000000e+00
	   -1.896413e-21   -4.031877e-21    2.699968e-01
	   -3.701375e-01   -3.700839e-01   -1.558641e-05
	    5.001297e-01    1.300757e-01    1.857743e-05
	   -5.001297e-01   -1.300757e-01    1.857743e-05
	    3.701375e-01    3.700839e-01   -1.558641e-05
	   -1.300036e-01   -5.001389e-01    1.429366e-05
	    1.300036e-01    5.001389e-01    1.429366e-05
	   -5.001378e-01    1.300788e-01   -1.694003e-05
	    5.001378e-01   -1.300788e-01   -1.694003e-05
	   -1.300018e-01    5.001460e-01   -1.443108e-05
	    1.300018e-01   -5.001460e-01   -1.443108e-05
	   -3.701321e-01    3.700816e-01    1.720037e-05
	    3.701321e-01   -3.700816e-01    1.720037e-05
	   -3.701015e-01   -3.701235e-01   -2.699962e-01
	    5.001515e-01    1.300807e-01    2.700190e-01
	    3.701851e-01    3.701610e-01    2.699890e-01
	   -1.300563e-01   -5.002343e-01   -2.700045e-01
	   -5.002064e-01    1.300768e-01    2.699877e-01
	    5.002121e-01    1.300598e-01   -2.700030e-01
	    1.300488e-01   -5.001438e-01   -2.699958e-01
	    1.300159e-01    5.001571e-01    2.700110e-01
	   -3.701244e-01    3.700922e-01    2.700115e-01
	    5.001510e-01   -1.300447e-01   -2.700045e-01
	    3.701758e-01   -3.701696e-01   -2.700038e-01
	   -1.300421e-01    5.002362e-01    2.699888e-01
	    8.699811e-01    4.999891e-01   -8.883800e-08
	    4.999945e-01    8.699907e-01    3.301916e-08
	    9.999885e-01   -2.453484e-19   -2.375133e-19
	   -3.867979e-20    9.999786e-01   -5.915681e-20
	    8.699811e-01   -4.999891e-01    8.883800e-08
	    4.999945e-01   -8.699907e-01   -3.301916e-08
	    8.699066e-01    4.999422e-01    2.699908e-01
	    1.000000e+00    2.700000e-01    0.000000e+00
	    7.300000e-01    7.300000e-01    0.000000e+00
	    9.999192e-01    1.098561e-05    2.699957e-01
	    2.700000e-01    1.000000e+00    0.000000e+00
	    4.999445e-01    8.699359e-01    2.699969e-01
	    9.999197e-01   -1.211861e-05   -2.699961e-01
	    1.000000e+00   -2.700000e-01    0.000000e+00
	    2.700000e-01   -1.000000e+00    0.000000e+00
	    4.999440e-01   -8.699364e-01   -2.699971e-01
	    7.300000e-01   -7.300000e-01    0.000000e+00
	    8.699065e-01   -4.999421e-01   -2.699907e-01
	    9.999789e-01    2.699908e-01    2.699972e-01
	    7.299727e-01    7.299778e-01    2.699991e-01
	    9.999677e-01    2.699875e-01   -2.699992e-01
	    2.699970e-01    9.999788e-01    2.699978e-01
	    9.999789e-01   -2.699908e-01   -2.699972e-01
	    7.299727e-01   -7.299778e-01   -2.699991e-01
	   -9.999677e-01   -2.699875e-01   -2.699992e-01
	   -1.000000e+00   -2.700000e-01    0.000000e+00
	   -9.999789e-01   -2.699908e-01    2.699972e-01
	   -9.999197e-01    1.211861e-05   -2.699961e-01
	   -9.999885e-01    2.453484e-19   -2.375133e-19
	   -9.999192e-01   -1.098561e-05    2.699957e-01
	   -9.999789e-01    2.699908e-01   -2.699972e-01
	   -1.000000e+00    2.700000e-01    0.000000e+00
	   -9.999677e-01    2.699875e-01    2.699992e-01
	   -8.699107e-01   -4.999517e-01   -2.699919e-01
	   -8.699811e-01   -4.999891e-01   -8.883800e-08
	   -8.699066e-01   -4.999422e-01    2.699908e-01
	   -8.699065e-01    4.999421e-01   -2.699907e-01
	   -8.699811e-01    4.999891e-01    8.883800e-08
	   -8.699108e-01    4.999517e-01    2.699920e-01
	   -7.299848e-01   -7.299880e-01   -2.699979e-01
	   -7.300000e-01   -7.300000e-01    0.000000e+00
	   -7.299727e-01   -7.299778e-01    2.699991e-01
	   -7.299727e-01    7.299778e-01   -2.699991e-01
	   -7.300000e-01    7.300000e-01    0.000000e+00
	   -7.299848e-01    7.299880e-01    2.699979e-01
	   -4.999718e-01   -8.699220e-01   -2.699967e-01
	   -4.999945e-01   -8.699907e-01    3.301916e-08
	   -4.999445e-01   -8.699359e-01    2.699969e-01
	   -5.002121e-01   -1.300598e-01   -2.700030e-01
	   -5.001515e-01   -1.300807e-01    2.700190e-01
	   -5.001510e-01    1.300447e-01   -2.700045e-01
	   -4.999440e-01    8.699364e-01   -2.699971e-01
	   -4.999945e-01    8.699907e-01   -3.301916e-08
	   -4.999702e-01    8.699217e-01    2.699963e-01
	   -3.701851e-01   -3.701610e-01    2.699890e-01
	   -3.701758e-01    3.701696e-01   -2.700038e-01
	   -2.699943e-01   -9.999649e-01   -2.699989e-01
	   -2.700000e-01   -1.000000e+00    0.000000e+00
	   -2.699970e-01   -9.999788e-01    2.699978e-01
	   -2.699970e-01    9.999788e-01   -2.699978e-01
	   -2.700000e-01    1.000000e+00    0.000000e+00
	   -2.699943e-01    9.999649e-01    2.699989e-01
	   -1.300159e-01   -5.001571e-01    2.700110e-01
	   -1.300488e-01    5.001438e-01   -2.699958e-01
	    3.348375e-06   -9.998959e-01   -2.699915e-01
	    3.867979e-20   -9.999786e-01   -5.915681e-20
	   -3.329789e-06   -9.998960e-01    2.699915e-01
	    1.458779e-21   -4.654917e-21   -2.699986e-01
	   -3.348375e-06    9.998959e-01   -2.699915e-01
	    3.329789e-06    9.998960e-01    2.699915e-01
	    1.300421e-01   -5.002362e-01    2.699888e-01
	    1.300563e-01    5.002343e-01   -2.700045e-01
	    2.699970e-01   -9.999788e-01   -2.699978e-01
	    2.699943e-01   -9.999649e-01    2.699989e-01
	    2.699943e-01    9.999649e-01   -2.699989e-01
	    3.701244e-01   -3.700922e-01    2.700115e-01
	    3.701015e-01    3.701235e-01   -2.699962e-01
	    4.999702e-01   -8.699217e-01    2.699963e-01
	    5.002064e-01   -1.300768e-01    2.699877e-01
	    4.999718e-01    8.699220e-01   -2.699967e-01
	    7.299848e-01   -7.299880e-01    2.699979e-01
	    7.299848e-01    7.299880e-01   -2.699979e-01
	    8.699108e-01   -4.999517e-01    2.699920e-01
	    8.699107e-01    4.999517e-01   -2.699919e-01
	    9.999677e-01   -2.699875e-01    2.699992e-01
	       0.000000e+00    0.000000e+00    0.000000e+00
	       -1.896413e-21   -4.031877e-21    2.699968e-01
	       -3.701375e-01   -3.700839e-01   -1.558641e-05
	        5.001297e-01    1.300757e-01    1.857743e-05
	       -5.001297e-01   -1.300757e-01    1.857743e-05
	        3.701375e-01    3.700839e-01   -1.558641e-05
	       -1.300036e-01   -5.001389e-01    1.429366e-05
	        1.300036e-01    5.001389e-01    1.429366e-05
	       -5.001378e-01    1.300788e-01   -1.694003e-05
	        5.001378e-01   -1.300788e-01   -1.694003e-05
	       -1.300018e-01    5.001460e-01   -1.443108e-05
	        1.300018e-01   -5.001460e-01   -1.443108e-05
	       -3.701321e-01    3.700816e-01    1.720037e-05
	        3.701321e-01   -3.700816e-01    1.720037e-05
	       -3.701015e-01   -3.701235e-01   -2.699962e-01
	        5.001515e-01    1.300807e-01    2.700190e-01
	        3.701851e-01    3.701610e-01    2.699890e-01
	       -1.300563e-01   -5.002343e-01   -2.700045e-01
	       -5.002064e-01    1.300768e-01    2.699877e-01
	        5.002121e-01    1.300598e-01   -2.700030e-01
	        1.300488e-01   -5.001438e-01   -2.699958e-01
	        1.300159e-01    5.001571e-01    2.700110e-01
	       -3.701244e-01    3.700922e-01    2.700115e-01
	        5.001510e-01   -1.300447e-01   -2.700045e-01
	        3.701758e-01   -3.701696e-01   -2.700038e-01
	       -1.300421e-01    5.002362e-01    2.699888e-01
	        8.699811e-01    4.999891e-01   -8.883800e-08
	        4.999945e-01    8.699907e-01    3.301916e-08
	        9.999885e-01   -2.453484e-19   -2.375133e-19
	       -3.867979e-20    9.999786e-01   -5.915681e-20
	        8.699811e-01   -4.999891e-01    8.883800e-08
	        4.999945e-01   -8.699907e-01   -3.301916e-08
	        8.699066e-01    4.999422e-01    2.699908e-01
	        1.000000e+00    2.700000e-01    0.000000e+00
	        7.300000e-01    7.300000e-01    0.000000e+00
	        9.999192e-01    1.098561e-05    2.699957e-01
	        2.700000e-01    1.000000e+00    0.000000e+00
	        4.999445e-01    8.699359e-01    2.699969e-01
	        9.999197e-01   -1.211861e-05   -2.699961e-01
	        1.000000e+00   -2.700000e-01    0.000000e+00
	        2.700000e-01   -1.000000e+00    0.000000e+00
	        4.999440e-01   -8.699364e-01   -2.699971e-01
	        7.300000e-01   -7.300000e-01    0.000000e+00
	        8.699065e-01   -4.999421e-01   -2.699907e-01
	        9.999789e-01    2.699908e-01    2.699972e-01
	        7.299727e-01    7.299778e-01    2.699991e-01
	        9.999677e-01    2.699875e-01   -2.699992e-01
	        2.699970e-01    9.999788e-01    2.699978e-01
	        9.999789e-01   -2.699908e-01   -2.699972e-01
	        7.299727e-01   -7.299778e-01   -2.699991e-01
	       -9.999677e-01   -2.699875e-01   -2.699992e-01
	       -1.000000e+00   -2.700000e-01    0.000000e+00
	       -9.999789e-01   -2.699908e-01    2.699972e-01
	       -9.999197e-01    1.211861e-05   -2.699961e-01
	       -9.999885e-01    2.453484e-19   -2.375133e-19
	       -9.999192e-01   -1.098561e-05    2.699957e-01
	       -9.999789e-01    2.699908e-01   -2.699972e-01
	       -1.000000e+00    2.700000e-01    0.000000e+00
	       -9.999677e-01    2.699875e-01    2.699992e-01
	       -8.699107e-01   -4.999517e-01   -2.699919e-01
	       -8.699811e-01   -4.999891e-01   -8.883800e-08
	       -8.699066e-01   -4.999422e-01    2.699908e-01
	       -8.699065e-01    4.999421e-01   -2.699907e-01
	       -8.699811e-01    4.999891e-01    8.883800e-08
	       -8.699108e-01    4.999517e-01    2.699920e-01
	       -7.299848e-01   -7.299880e-01   -2.699979e-01
	       -7.300000e-01   -7.300000e-01    0.000000e+00
	       -7.299727e-01   -7.299778e-01    2.699991e-01
	       -7.299727e-01    7.299778e-01   -2.699991e-01
	       -7.300000e-01    7.300000e-01    0.000000e+00
	       -7.299848e-01    7.299880e-01    2.699979e-01
	       -4.999718e-01   -8.699220e-01   -2.699967e-01
	       -4.999945e-01   -8.699907e-01    3.301916e-08
	       -4.999445e-01   -8.699359e-01    2.699969e-01
	       -5.002121e-01   -1.300598e-01   -2.700030e-01
	       -5.001515e-01   -1.300807e-01    2.700190e-01
	       -5.001510e-01    1.300447e-01   -2.700045e-01
	       -4.999440e-01    8.699364e-01   -2.699971e-01
	       -4.999945e-01    8.699907e-01   -3.301916e-08
	       -4.999702e-01    8.699217e-01    2.699963e-01
	       -3.701851e-01   -3.701610e-01    2.699890e-01
	       -3.701758e-01    3.701696e-01   -2.700038e-01
	       -2.699943e-01   -9.999649e-01   -2.699989e-01
	       -2.700000e-01   -1.000000e+00    0.000000e+00
	       -2.699970e-01   -9.999788e-01    2.699978e-01
	       -2.699970e-01    9.999788e-01   -2.699978e-01
	       -2.700000e-01    1.000000e+00    0.000000e+00
	       -2.699943e-01    9.999649e-01    2.699989e-01
	       -1.300159e-01   -5.001571e-01    2.700110e-01
	       -1.300488e-01    5.001438e-01   -2.699958e-01
	        3.348375e-06   -9.998959e-01   -2.699915e-01
	        3.867979e-20   -9.999786e-01   -5.915681e-20
	       -3.329789e-06   -9.998960e-01    2.699915e-01
	        1.458779e-21   -4.654917e-21   -2.699986e-01
	       -3.348375e-06    9.998959e-01   -2.699915e-01
	        3.329789e-06    9.998960e-01    2.699915e-01
	        1.300421e-01   -5.002362e-01    2.699888e-01
	        1.300563e-01    5.002343e-01   -2.700045e-01
	        2.699970e-01   -9.999788e-01   -2.699978e-01
	        2.699943e-01   -9.999649e-01    2.699989e-01
	        2.699943e-01    9.999649e-01   -2.699989e-01
	        3.701244e-01   -3.700922e-01    2.700115e-01
	        3.701015e-01    3.701235e-01   -2.699962e-01
	        4.999702e-01   -8.699217e-01    2.699963e-01
	        5.002064e-01   -1.300768e-01    2.699877e-01
	        4.999718e-01    8.699220e-01   -2.699967e-01
	        7.299848e-01   -7.299880e-01    2.699979e-01
	        7.299848e-01    7.299880e-01   -2.699979e-01
	        8.699108e-01   -4.999517e-01    2.699920e-01
	        8.699107e-01    4.999517e-01   -2.699919e-01
        9.999677e-01   -2.699875e-01    2.699992e-01
          0.000000e+00    0.000000e+00    0.000000e+00
   -1.896413e-21   -4.031877e-21    2.699968e-01
   -3.701375e-01   -3.700839e-01   -1.558641e-05
    5.001297e-01    1.300757e-01    1.857743e-05
   -5.001297e-01   -1.300757e-01    1.857743e-05
    3.701375e-01    3.700839e-01   -1.558641e-05
   -1.300036e-01   -5.001389e-01    1.429366e-05
    1.300036e-01    5.001389e-01    1.429366e-05
   -5.001378e-01    1.300788e-01   -1.694003e-05
    5.001378e-01   -1.300788e-01   -1.694003e-05
   -1.300018e-01    5.001460e-01   -1.443108e-05
    1.300018e-01   -5.001460e-01   -1.443108e-05
   -3.701321e-01    3.700816e-01    1.720037e-05
    3.701321e-01   -3.700816e-01    1.720037e-05
   -3.701015e-01   -3.701235e-01   -2.699962e-01
    5.001515e-01    1.300807e-01    2.700190e-01
    3.701851e-01    3.701610e-01    2.699890e-01
   -1.300563e-01   -5.002343e-01   -2.700045e-01
   -5.002064e-01    1.300768e-01    2.699877e-01
    5.002121e-01    1.300598e-01   -2.700030e-01
    1.300488e-01   -5.001438e-01   -2.699958e-01
    1.300159e-01    5.001571e-01    2.700110e-01
   -3.701244e-01    3.700922e-01    2.700115e-01
    5.001510e-01   -1.300447e-01   -2.700045e-01
    3.701758e-01   -3.701696e-01   -2.700038e-01
   -1.300421e-01    5.002362e-01    2.699888e-01
    8.699811e-01    4.999891e-01   -8.883800e-08
    4.999945e-01    8.699907e-01    3.301916e-08
    9.999885e-01   -2.453484e-19   -2.375133e-19
   -3.867979e-20    9.999786e-01   -5.915681e-20
    8.699811e-01   -4.999891e-01    8.883800e-08
    4.999945e-01   -8.699907e-01   -3.301916e-08
    8.699066e-01    4.999422e-01    2.699908e-01
    1.000000e+00    2.700000e-01    0.000000e+00
    7.300000e-01    7.300000e-01    0.000000e+00
    9.999192e-01    1.098561e-05    2.699957e-01
    2.700000e-01    1.000000e+00    0.000000e+00
    4.999445e-01    8.699359e-01    2.699969e-01
    9.999197e-01   -1.211861e-05   -2.699961e-01
    1.000000e+00   -2.700000e-01    0.000000e+00
    2.700000e-01   -1.000000e+00    0.000000e+00
    4.999440e-01   -8.699364e-01   -2.699971e-01
    7.300000e-01   -7.300000e-01    0.000000e+00
    8.699065e-01   -4.999421e-01   -2.699907e-01
    9.999789e-01    2.699908e-01    2.699972e-01
    7.299727e-01    7.299778e-01    2.699991e-01
    9.999677e-01    2.699875e-01   -2.699992e-01
    2.699970e-01    9.999788e-01    2.699978e-01
    9.999789e-01   -2.699908e-01   -2.699972e-01
    7.299727e-01   -7.299778e-01   -2.699991e-01
   -9.999677e-01   -2.699875e-01   -2.699992e-01
   -1.000000e+00   -2.700000e-01    0.000000e+00
   -9.999789e-01   -2.699908e-01    2.699972e-01
   -9.999197e-01    1.211861e-05   -2.699961e-01
   -9.999885e-01    2.453484e-19   -2.375133e-19
   -9.999192e-01   -1.098561e-05    2.699957e-01
   -9.999789e-01    2.699908e-01   -2.699972e-01
   -1.000000e+00    2.700000e-01    0.000000e+00
   -9.999677e-01    2.699875e-01    2.699992e-01
   -8.699107e-01   -4.999517e-01   -2.699919e-01
   -8.699811e-01   -4.999891e-01   -8.883800e-08
   -8.699066e-01   -4.999422e-01    2.699908e-01
   -8.699065e-01    4.999421e-01   -2.699907e-01
   -8.699811e-01    4.999891e-01    8.883800e-08
   -8.699108e-01    4.999517e-01    2.699920e-01
   -7.299848e-01   -7.299880e-01   -2.699979e-01
   -7.300000e-01   -7.300000e-01    0.000000e+00
   -7.299727e-01   -7.299778e-01    2.699991e-01
   -7.299727e-01    7.299778e-01   -2.699991e-01
   -7.300000e-01    7.300000e-01    0.000000e+00
   -7.299848e-01    7.299880e-01    2.699979e-01
   -4.999718e-01   -8.699220e-01   -2.699967e-01
   -4.999945e-01   -8.699907e-01    3.301916e-08
   -4.999445e-01   -8.699359e-01    2.699969e-01
   -5.002121e-01   -1.300598e-01   -2.700030e-01
   -5.001515e-01   -1.300807e-01    2.700190e-01
   -5.001510e-01    1.300447e-01   -2.700045e-01
   -4.999440e-01    8.699364e-01   -2.699971e-01
   -4.999945e-01    8.699907e-01   -3.301916e-08
   -4.999702e-01    8.699217e-01    2.699963e-01
   -3.701851e-01   -3.701610e-01    2.699890e-01
   -3.701758e-01    3.701696e-01   -2.700038e-01
   -2.699943e-01   -9.999649e-01   -2.699989e-01
   -2.700000e-01   -1.000000e+00    0.000000e+00
   -2.699970e-01   -9.999788e-01    2.699978e-01
   -2.699970e-01    9.999788e-01   -2.699978e-01
   -2.700000e-01    1.000000e+00    0.000000e+00
   -2.699943e-01    9.999649e-01    2.699989e-01
   -1.300159e-01   -5.001571e-01    2.700110e-01
   -1.300488e-01    5.001438e-01   -2.699958e-01
    3.348375e-06   -9.998959e-01   -2.699915e-01
    3.867979e-20   -9.999786e-01   -5.915681e-20
   -3.329789e-06   -9.998960e-01    2.699915e-01
    1.458779e-21   -4.654917e-21   -2.699986e-01
   -3.348375e-06    9.998959e-01   -2.699915e-01
    3.329789e-06    9.998960e-01    2.699915e-01
    1.300421e-01   -5.002362e-01    2.699888e-01
    1.300563e-01    5.002343e-01   -2.700045e-01
    2.699970e-01   -9.999788e-01   -2.699978e-01
    2.699943e-01   -9.999649e-01    2.699989e-01
    2.699943e-01    9.999649e-01   -2.699989e-01
    3.701244e-01   -3.700922e-01    2.700115e-01
    3.701015e-01    3.701235e-01   -2.699962e-01
    4.999702e-01   -8.699217e-01    2.699963e-01
    5.002064e-01   -1.300768e-01    2.699877e-01
    4.999718e-01    8.699220e-01   -2.699967e-01
    7.299848e-01   -7.299880e-01    2.699979e-01
    7.299848e-01    7.299880e-01   -2.699979e-01
    8.699108e-01   -4.999517e-01    2.699920e-01
    8.699107e-01    4.999517e-01   -2.699919e-01
    9.999677e-01   -2.699875e-01    2.699992e-01
    9.999677e-01   -2.699875e-01    2.699992e-01